entry_date,exit_date,direction,holding_days,trade_return,signal_date,signal_value,signal_confidence,signal_direction,contemp_corr,leading_corr,correlation_regime,signal_quality,actual_beat_consensus,actual_surprise,actual_surprise_direction,prediction_error,signal_correct,trade_direction_correct,outcome,benchmark_return,alpha_contribution
2019-11-04,2020-02-24,1.0,75,0.1321753188046899,2019-11-05,1.6888126292789143,0.0,1,,,unknown,low,true,0.011978609625668449,1,,true,true,direction_right_profit,0.05412133644978967,0.07805398235490024
2020-02-25,2020-02-26,1.0,1,-0.021171073463066126,2020-05-11,-1.1460366698414277e-15,0.0,1,-0.9999999999999998,,strong_negative,medium,false,-0.08051546391752577,-1,0.08051546391752577,false,false,direction_wrong_loss,-0.003678074627527006,-0.01749299883553912
2020-02-27,2020-02-28,1.0,1,-0.02715268710897112,2020-05-11,-1.1460366698414277e-15,0.0,1,-0.9999999999999998,,strong_negative,medium,false,-0.08051546391752577,-1,0.08051546391752577,false,false,direction_wrong_loss,-0.004201510882746007,-0.022951176226225112
2020-03-02,2020-03-03,1.0,1,-0.03870741990631421,2020-05-11,-1.1460366698414277e-15,0.0,1,-0.9999999999999998,,strong_negative,medium,false,-0.08051546391752577,-1,0.08051546391752577,false,false,direction_wrong_loss,-0.028632818628000267,-0.010074601278313944
2020-03-04,2020-03-05,1.0,1,-0.06431507408884019,2020-05-11,-1.1460366698414277e-15,0.0,1,-0.9999999999999998,,strong_negative,medium,false,-0.08051546391752577,-1,0.08051546391752577,false,false,direction_wrong_loss,-0.033241920456000607,-0.03107315363283958
2020-03-06,2020-03-09,1.0,1,-0.10346488037066037,2020-05-11,-1.1460366698414277e-15,0.0,1,-0.9999999999999998,,strong_negative,medium,false,-0.08051546391752577,-1,0.08051546391752577,false,false,direction_wrong_loss,-0.07809469622034426,-0.02537018415031611
2020-03-10,2020-03-11,1.0,1,-0.06018069370771939,2020-05-11,-1.1460366698414277e-15,0.0,1,-0.9999999999999998,,strong_negative,medium,false,-0.08051546391752577,-1,0.08051546391752577,false,false,direction_wrong_loss,-0.04874821344074509,-0.011432480266974299
2020-03-12,2020-03-13,1.0,1,-0.0414582406651085,2020-05-11,-1.1460366698414277e-15,0.0,1,-0.9999999999999998,,strong_negative,medium,false,-0.08051546391752577,-1,0.08051546391752577,false,false,direction_wrong_loss,0.08548577676618785,-0.12694401743129635
2020-03-16,2020-03-17,1.0,1,-0.06347844610123887,2020-05-11,-1.1460366698414277e-15,0.0,1,-0.9999999999999998,,strong_negative,medium,false,-0.08051546391752577,-1,0.08051546391752577,false,false,direction_wrong_loss,0.053991958564704845,-0.11747040466594372
2020-03-18,2020-03-19,1.0,1,0.10554360408205166,2020-05-11,-1.1460366698414277e-15,0.0,1,-0.9999999999999998,,strong_negative,medium,false,-0.08051546391752577,-1,0.08051546391752577,false,true,direction_right_profit,0.002124934226739539,0.10341866985531212
2020-03-20,2020-03-23,1.0,1,-0.060130224923314435,2020-05-11,-1.1460366698414277e-15,0.0,1,-0.9999999999999998,,strong_negative,medium,false,-0.08051546391752577,-1,0.08051546391752577,false,false,direction_wrong_loss,-0.025568081923206587,-0.03456214300010785
2020-03-24,2020-03-25,1.0,1,0.03672405404734458,2020-05-11,-1.1460366698414277e-15,0.0,1,-0.9999999999999998,,strong_negative,medium,false,-0.08051546391752577,-1,0.08051546391752577,false,true,direction_right_profit,0.014970193394188147,0.02175386065315643
2020-03-26,2020-03-27,1.0,1,-0.05860173130423385,2020-05-11,-1.1460366698414277e-15,0.0,1,-0.9999999999999998,,strong_negative,medium,false,-0.08051546391752577,-1,0.08051546391752577,false,false,direction_wrong_loss,-0.029785744005075276,-0.028815987299158574
2020-03-30,2020-03-31,1.0,1,0.02849019647091544,2020-05-11,-1.1460366698414277e-15,0.0,1,-0.9999999999999998,,strong_negative,medium,false,-0.08051546391752577,-1,0.08051546391752577,false,true,direction_right_profit,-0.014905348286217146,0.04339554475713259
2020-04-01,2020-04-02,1.0,1,0.03436346874058405,2020-05-11,-1.1460366698414277e-15,0.0,1,-0.9999999999999998,,strong_negative,medium,false,-0.08051546391752577,-1,0.08051546391752577,false,true,direction_right_profit,0.023075220045658762,0.011288248694925285
2020-04-03,2020-04-06,1.0,1,0.06444992351693113,2020-05-11,-1.1460366698414277e-15,0.0,1,-0.9999999999999998,,strong_negative,medium,false,-0.08051546391752577,-1,0.08051546391752577,false,true,direction_right_profit,0.06716612483439377,-0.002716201317462641
2020-04-07,2020-04-08,1.0,1,0.09194418499764634,2020-05-11,-1.1460366698414277e-15,0.0,1,-0.9999999999999998,,strong_negative,medium,false,-0.08051546391752577,-1,0.08051546391752577,false,true,direction_right_profit,0.03356795975413762,0.05837622524350872
2020-04-09,2020-04-13,1.0,1,-0.021203219001950657,2020-05-11,-1.1460366698414277e-15,0.0,1,-0.9999999999999998,,strong_negative,medium,false,-0.08051546391752577,-1,0.08051546391752577,false,false,direction_wrong_loss,-0.009130527091976814,-0.012072691909973843
2020-04-14,2020-04-15,1.0,1,-0.03054865743240065,2020-05-11,-1.1460366698414277e-15,0.0,1,-0.9999999999999998,,strong_negative,medium,false,-0.08051546391752577,-1,0.08051546391752577,false,false,direction_wrong_loss,-0.021248109743051025,-0.009300547689349625
2020-04-16,2020-04-21,1.0,3,0.025795918723840572,2020-05-11,-1.1460366698414277e-15,0.0,1,-0.9999999999999998,,strong_negative,medium,false,-0.08051546391752577,-1,0.08051546391752577,false,true,direction_right_profit,-0.021712468175877242,0.047508386899717814
2020-04-22,2020-04-29,1.0,5,0.10616885027170042,2020-05-11,-1.1460366698414277e-15,0.0,1,-0.9999999999999998,,strong_negative,medium,false,-0.08051546391752577,-1,0.08051546391752577,false,true,direction_right_profit,0.050555248053185675,0.055613602218514746
2020-04-30,2020-05-01,1.0,1,-0.028822087538234897,2020-05-11,-1.1460366698414277e-15,0.0,1,-0.9999999999999998,,strong_negative,medium,false,-0.08051546391752577,-1,0.08051546391752577,false,false,direction_wrong_loss,-0.02647381950201111,-0.0023482680362237884
2020-05-04,2020-05-11,1.0,5,0.03436465742065109,2020-05-11,-1.1460366698414277e-15,0.0,1,-0.9999999999999998,,strong_negative,medium,false,-0.08051546391752577,-1,0.08051546391752577,false,true,direction_right_profit,0.03149105539560115,0.0028736020250499372
2020-05-12,2020-05-13,1.0,1,-0.022185209473878698,2020-08-04,2.5400400646904425e-13,0.0,1,0.2423843578194055,-1.0000000000000002,regime_shift,medium,true,0.3802303198135828,1,0.3802303198135821,true,false,direction_wrong_loss,-0.017686168646245948,-0.00449904082763275
2020-05-14,2020-05-18,1.0,2,0.09429078282374004,2020-08-04,2.5400400646904425e-13,0.0,1,0.2423843578194055,-1.0000000000000002,regime_shift,medium,true,0.3802303198135828,1,0.3802303198135821,true,true,direction_right_profit,0.03519659355948046,0.05909418926425958
2020-05-19,2020-05-21,1.0,2,-0.015732182741575174,2020-08-04,2.5400400646904425e-13,0.0,1,0.2423843578194055,-1.0000000000000002,regime_shift,medium,true,0.3802303198135828,1,0.3802303198135821,true,false,direction_wrong_loss,0.009966943923736205,-0.025699126665311378
2020-05-22,2020-05-29,1.0,4,0.02382485116763644,2020-08-04,2.5400400646904425e-13,0.0,1,0.2423843578194055,-1.0000000000000002,regime_shift,medium,true,0.3802303198135828,1,0.3802303198135821,true,true,direction_right_profit,0.030056723506720173,-0.006231872339083733
2020-06-01,2020-06-09,1.0,6,0.04895217243094563,2020-08-04,2.5400400646904425e-13,0.0,1,0.2423843578194055,-1.0000000000000002,regime_shift,medium,true,0.3802303198135828,1,0.3802303198135821,true,true,direction_right_profit,0.04987711324370547,-0.0009249408127598446
2020-06-10,2020-06-11,1.0,1,-0.09792249327041247,2020-08-04,2.5400400646904425e-13,0.0,1,0.2423843578194055,-1.0000000000000002,regime_shift,medium,true,0.3802303198135828,1,0.3802303198135821,true,false,direction_wrong_loss,-0.057649221878627754,-0.040273271391784715
2020-06-12,2020-06-15,1.0,1,0.015496339287440097,2020-08-04,2.5400400646904425e-13,0.0,1,0.2423843578194055,-1.0000000000000002,regime_shift,medium,true,0.3802303198135828,1,0.3802303198135821,true,true,direction_right_profit,0.009335736957285512,0.006160602330154585
2020-06-16,2020-06-19,1.0,3,-0.036929797561071065,2020-08-04,2.5400400646904425e-13,0.0,1,0.2423843578194055,-1.0000000000000002,regime_shift,medium,true,0.3802303198135828,1,0.3802303198135821,true,false,direction_wrong_loss,-0.009463922965810334,-0.02746587459526073
2020-06-22,2020-06-24,1.0,2,-0.051203776437470205,2020-08-04,2.5400400646904425e-13,0.0,1,0.2423843578194055,-1.0000000000000002,regime_shift,medium,true,0.3802303198135828,1,0.3802303198135821,true,false,direction_wrong_loss,-0.021022380511677374,-0.03018139592579283
2020-06-25,2020-07-07,1.0,7,0.016860897807256636,2020-08-04,2.5400400646904425e-13,0.0,1,0.2423843578194055,-1.0000000000000002,regime_shift,medium,true,0.3802303198135828,1,0.3802303198135821,true,true,direction_right_profit,0.020920864676592377,-0.0040599668693357405
2020-07-08,2020-07-15,1.0,5,0.10763526622652853,2020-08-04,2.5400400646904425e-13,0.0,1,0.2423843578194055,-1.0000000000000002,regime_shift,medium,true,0.3802303198135828,1,0.3802303198135821,true,true,direction_right_profit,0.017932915377169234,0.08970235084935929
2020-07-16,2020-08-04,1.0,13,0.0006127153374495542,2020-08-04,2.5400400646904425e-13,0.0,1,0.2423843578194055,-1.0000000000000002,regime_shift,medium,true,0.3802303198135828,1,0.3802303198135821,true,true,direction_right_profit,0.028897315585686423,-0.02828460024823687
2020-08-05,2020-09-18,1.0,31,0.03921272495291683,2020-11-06,2.7516861318773635e-12,0.0,1,0.3966028098258693,-0.411213666003807,weak_negative,medium,true,0.13488235294117648,1,0.134882352941196,true,true,direction_right_profit,-0.00041081147822552566,0.03962353643114236
2020-09-21,2020-09-24,1.0,3,-0.014029569779598239,2020-11-06,2.7516861318773635e-12,0.0,1,0.3966028098258693,-0.411213666003807,weak_negative,medium,true,0.13488235294117648,1,0.134882352941196,true,false,direction_wrong_loss,-0.010612558183809573,-0.003417011595788666
2020-09-25,2020-10-15,1.0,14,0.09449267336758793,2020-11-06,2.7516861318773635e-12,0.0,1,0.3966028098258693,-0.411213666003807,weak_negative,medium,true,0.13488235294117648,1,0.134882352941196,true,true,direction_right_profit,0.05709825033862459,0.03739442302896334
2020-10-16,2020-10-19,1.0,1,-0.03355352410332768,2020-11-06,2.7516861318773635e-12,0.0,1,0.3966028098258693,-0.411213666003807,weak_negative,medium,true,0.13488235294117648,1,0.134882352941196,true,false,direction_wrong_loss,-0.015203440314868755,-0.018350083788458926
2020-10-20,2020-10-28,1.0,6,-0.06011259308842132,2020-11-06,2.7516861318773635e-12,0.0,1,0.3966028098258693,-0.411213666003807,weak_negative,medium,true,0.13488235294117648,1,0.134882352941196,true,false,direction_wrong_loss,-0.04869240447520773,-0.011420188613213589
2020-10-29,2020-11-06,1.0,6,0.03496724474289947,2020-11-06,2.7516861318773635e-12,0.0,1,0.3966028098258693,-0.411213666003807,weak_negative,medium,true,0.13488235294117648,1,0.134882352941196,true,true,direction_right_profit,0.06115523435531833,-0.02618798961241886
2020-11-09,2020-11-10,1.0,1,-0.037127502276888324,2021-02-05,2.0502853629715403e-8,0.0,1,0.9999945400630126,-0.23104687358082626,weak_negative,medium,false,-0.007,-1,0.006999999822902485,false,false,direction_wrong_loss,-0.0014664838029794236,-0.0356610184739089
2020-11-11,2020-11-17,1.0,4,0.005019826514567338,2021-02-05,2.0502853629715403e-8,0.0,1,0.9999945400630126,-0.23104687358082626,weak_negative,medium,false,-0.007,-1,0.006999999822902485,false,true,direction_right_profit,0.01107444523986545,-0.006054618725298111
2020-11-18,2020-11-19,1.0,1,-0.011202138352627844,2021-02-05,2.0502853629715403e-8,0.0,1,0.9999945400630126,-0.23104687358082626,weak_negative,medium,false,-0.007,-1,0.006999999822902485,false,false,direction_wrong_loss,0.004210220566606804,-0.015412358919234648
2020-11-20,2020-12-08,1.0,11,0.004317201248999369,2021-02-05,2.0502853629715403e-8,0.0,1,0.9999945400630126,-0.23104687358082626,weak_negative,medium,false,-0.007,-1,0.006999999822902485,false,true,direction_right_profit,0.0417641349175879,-0.03744693366858853
2020-12-09,2021-01-25,1.0,30,0.08394181400131218,2021-02-05,2.0502853629715403e-8,0.0,1,0.9999945400630126,-0.23104687358082626,weak_negative,medium,false,-0.007,-1,0.006999999822902485,false,true,direction_right_profit,0.05227905263408483,0.03166276136722734
2021-01-26,2021-01-27,1.0,1,-0.035520023643176746,2021-02-05,2.0502853629715403e-8,0.0,1,0.9999945400630126,-0.23104687358082626,weak_negative,medium,false,-0.007,-1,0.006999999822902485,false,false,direction_wrong_loss,-0.02444037723820569,-0.011079646404971055
2021-01-28,2021-02-05,1.0,6,0.018213336386197376,2021-02-05,2.0502853629715403e-8,0.0,1,0.9999945400630126,-0.23104687358082626,weak_negative,medium,false,-0.007,-1,0.006999999822902485,false,true,direction_right_profit,0.026692653436419356,-0.00847931705022198
2021-02-08,2021-02-18,1.0,7,-0.01877225486302947,2021-05-04,0.0038383944008305126,0.0,-1,-0.03490739027039748,0.9999999925772698,regime_shift,medium,true,0.061724137931034484,1,308.80828251381024,false,false,direction_wrong_loss,0.0005380503840191064,-0.019310305247048576
2021-02-19,2021-03-03,1.0,8,0.019658671028525587,2021-05-04,0.0038383944008305126,0.0,-1,-0.03490739027039748,0.9999999925772698,regime_shift,medium,true,0.061724137931034484,1,308.80828251381024,false,true,direction_right_profit,-0.022075141968385226,0.04173381299691081
2021-03-04,2021-03-23,1.0,13,-0.0007038405994370667,2021-05-04,0.0038383944008305126,0.0,-1,-0.03490739027039748,0.9999999925772698,regime_shift,medium,true,0.061724137931034484,1,308.80828251381024,false,false,direction_wrong_loss,0.037365748126414244,-0.03806958872585131
2021-03-24,2021-05-03,1.0,27,0.1318573161429999,2021-05-04,0.0038383944008305126,0.0,-1,-0.03490739027039748,0.9999999925772698,regime_shift,medium,true,0.061724137931034484,1,308.80828251381024,false,true,direction_right_profit,0.07917044430777387,0.05268687183522602
2021-05-03,2021-05-04,-1.0,1,0.028155470032623864,2021-05-04,0.0038383944008305126,0.0,-1,-0.03490739027039748,0.9999999925772698,regime_shift,medium,true,0.061724137931034484,1,308.80828251381024,false,true,direction_right_profit,-0.006169459174571235,0.0343249292071951
2021-05-05,2021-06-21,-1.0,32,0.058023487273895946,2021-08-03,0.013193436295354268,0.0,-1,-0.9999999958247191,-0.1047377784029663,regime_shift,medium,true,0.028883248730964466,1,0.3988944533588938,false,true,direction_right_profit,0.015602400185975362,0.042421087087920584
2021-06-22,2021-07-21,-1.0,20,0.03952821605220913,2021-08-03,0.013193436295354268,0.0,-1,-0.9999999958247191,-0.1047377784029663,regime_shift,medium,true,0.028883248730964466,1,0.3988944533588938,false,true,direction_right_profit,0.027037954417974852,0.012490261634234279
2021-07-22,2021-07-30,-1.0,6,-0.030001253151655805,2021-08-03,0.013193436295354268,0.0,-1,-0.9999999958247191,-0.1047377784029663,regime_shift,medium,true,0.028883248730964466,1,0.3988944533588938,false,false,direction_wrong_loss,0.007004189222229007,-0.03700544237388481
2021-08-02,2021-08-25,-1.0,17,0.07741839478236123,2021-08-03,0.013193436295354268,0.0,-1,-0.9999999958247191,-0.1047377784029663,regime_shift,medium,true,0.028883248730964466,1,0.3988944533588938,false,true,direction_right_profit,0.025868853366731948,0.051549541415629285
2021-08-26,2021-09-14,-1.0,12,0.012767972298157515,2021-11-04,-0.0937414359484122,0.38235294117647056,-1,0.6312180370205852,0.8293877763290924,regime_shift,medium,false,-0.028282828282828285,-1,0.28007625665785324,true,true,direction_right_profit,-0.004683408322403992,0.017451380620561507
2021-09-15,2021-09-23,-1.0,6,-0.03006655332399366,2021-11-04,-0.0937414359484122,0.38235294117647056,-1,0.6312180370205852,0.8293877763290924,regime_shift,medium,false,-0.028282828282828285,-1,0.28007625665785324,true,false,direction_wrong_loss,-0.007323893941104664,-0.022742659382888997
2021-09-24,2021-10-07,-1.0,9,0.021520705104112192,2021-11-04,-0.0937414359484122,0.38235294117647056,-1,0.6312180370205852,0.8293877763290924,regime_shift,medium,false,-0.028282828282828285,-1,0.28007625665785324,true,true,direction_right_profit,-0.011826743556532904,0.033347448660645096
2021-10-08,2021-10-19,-1.0,7,-0.015479079981507216,2021-11-04,-0.0937414359484122,0.38235294117647056,-1,0.6312180370205852,0.8293877763290924,regime_shift,medium,false,-0.028282828282828285,-1,0.28007625665785324,true,false,direction_wrong_loss,0.02918743939170443,-0.044666519373211644
2021-10-20,2021-11-01,-1.0,8,0.028908531259369985,2021-11-04,-0.0937414359484122,0.38235294117647056,-1,0.6312180370205852,0.8293877763290924,regime_shift,medium,false,-0.028282828282828285,-1,0.28007625665785324,true,true,direction_right_profit,0.016865257987902504,0.01204327327146748
2021-11-02,2021-11-04,-1.0,2,0.05436940846272453,2021-11-04,-0.0937414359484122,0.38235294117647056,-1,0.6312180370205852,0.8293877763290924,regime_shift,medium,false,-0.028282828282828285,-1,0.28007625665785324,true,true,direction_right_profit,0.010846591664974037,0.043522816797750496
2021-11-05,2021-12-06,-1.0,20,0.11414665552066483,2022-02-07,-0.07654152173902877,0.3529411764705882,1,-0.9070914504689804,0.9860782103870002,regime_shift,medium,false,-0.005902439024390244,-1,0.03825960558697672,false,true,direction_right_profit,-0.02078835461861317,0.134935010139278
2021-12-07,2021-12-21,-1.0,10,0.04648455367791793,2022-02-07,-0.07654152173902877,0.3529411764705882,1,-0.9070914504689804,0.9860782103870002,regime_shift,medium,false,-0.005902439024390244,-1,0.03825960558697672,false,true,direction_right_profit,-0.007673220966985528,0.054157774644903456
2021-12-22,2021-12-27,-1.0,2,-0.026633439274826864,2022-02-07,-0.07654152173902877,0.3529411764705882,1,-0.9070914504689804,0.9860782103870002,regime_shift,medium,false,-0.005902439024390244,-1,0.03825960558697672,false,false,direction_wrong_loss,0.02046208631908919,-0.047095525593916054
2021-12-28,2022-01-05,-1.0,6,-0.014039575887534239,2022-02-07,-0.07654152173902877,0.3529411764705882,1,-0.9070914504689804,0.9860782103870002,regime_shift,medium,false,-0.005902439024390244,-1,0.03825960558697672,false,false,direction_wrong_loss,-0.017803589579276302,0.003764013691742063
2022-01-06,2022-02-01,-1.0,17,0.03831536060131702,2022-02-07,-0.07654152173902877,0.3529411764705882,1,-0.9070914504689804,0.9860782103870002,regime_shift,medium,false,-0.005902439024390244,-1,0.03825960558697672,false,true,direction_right_profit,-0.032033998392881013,0.07034935899419803
2022-02-02,2022-02-04,-1.0,2,-0.009202131125356505,2022-02-07,-0.07654152173902877,0.3529411764705882,1,-0.9070914504689804,0.9860782103870002,regime_shift,medium,false,-0.005902439024390244,-1,0.03825960558697672,false,false,direction_wrong_loss,-0.018913414743400248,0.009711283618043742
2022-02-04,2022-02-07,1.0,1,-0.0908571759661626,2022-02-07,-0.07654152173902877,0.3529411764705882,1,-0.9070914504689804,0.9860782103870002,regime_shift,medium,false,-0.005902439024390244,-1,0.03825960558697672,false,false,direction_wrong_loss,-0.00320919388426133,-0.08764798208190128
2022-02-08,2022-02-11,1.0,3,-0.03061402070285546,2022-04-28,0.0022904958160295656,0.0,1,0.14496583120648734,0.9660865504411112,regime_shift,medium,true,0.020368098159509202,1,0.018864829264650697,true,false,direction_wrong_loss,-0.02324027711817589,-0.007373743584679571
2022-02-14,2022-03-04,1.0,13,0.060374321754301574,2022-04-28,0.0022904958160295656,0.0,1,0.14496583120648734,0.9660865504411112,regime_shift,medium,true,0.020368098159509202,1,0.018864829264650697,true,true,direction_right_profit,-0.015602945807243862,0.07597726756154544
2022-03-07,2022-04-22,1.0,33,0.07937300735043151,2022-04-28,0.0022904958160295656,0.0,1,0.14496583120648734,0.9660865504411112,regime_shift,medium,true,0.020368098159509202,1,0.018864829264650697,true,true,direction_right_profit,0.018914964425504444,0.06045804292492707
2022-04-25,2022-04-29,1.0,4,-0.05523831476908947,2022-04-28,0.0022904958160295656,0.0,1,0.14496583120648734,0.9660865504411112,regime_shift,medium,true,0.020368098159509202,1,0.018864829264650697,true,false,direction_wrong_loss,-0.038528939129991,-0.016709375639098467
2022-05-02,2022-05-04,1.0,2,0.046995365475487105,2022-08-02,0.27946786787547195,0.5294117647058824,-1,-0.11166780793666496,0.9906098086215794,strong_positive,high,true,0.035930232558139534,1,0.09420262372246405,false,true,direction_right_profit,0.035176607405537075,0.01181875806995003
2022-05-05,2022-05-06,1.0,1,-0.018035035064264626,2022-08-02,0.27946786787547195,0.5294117647058824,-1,-0.11166780793666496,0.9906098086215794,strong_positive,high,true,0.035930232558139534,1,0.09420262372246405,false,false,direction_wrong_loss,-0.005968714747897841,-0.012066320316366785
2022-05-09,2022-05-10,1.0,1,-0.007217496234512177,2022-08-02,0.27946786787547195,0.5294117647058824,-1,-0.11166780793666496,0.9906098086215794,strong_positive,high,true,0.035930232558139534,1,0.09420262372246405,false,false,direction_wrong_loss,0.0023106677713542467,-0.009528164005866424
2022-05-11,2022-06-09,1.0,20,0.014195100565306484,2022-08-02,0.27946786787547195,0.5294117647058824,-1,-0.11166780793666496,0.9906098086215794,strong_positive,high,true,0.035930232558139534,1,0.09420262372246405,false,true,direction_right_profit,0.02212603201273433,-0.007930931447427847
2022-06-10,2022-06-14,1.0,2,-0.07152940195091939,2022-08-02,0.27946786787547195,0.5294117647058824,-1,-0.11166780793666496,0.9906098086215794,strong_positive,high,true,0.035930232558139534,1,0.09420262372246405,false,false,direction_wrong_loss,-0.04086716116059008,-0.03066224079032931
2022-06-15,2022-06-16,1.0,1,-0.0348695803954413,2022-08-02,0.27946786787547195,0.5294117647058824,-1,-0.11166780793666496,0.9906098086215794,strong_positive,high,true,0.035930232558139534,1,0.09420262372246405,false,false,direction_wrong_loss,-0.03309592054522781,-0.0017736598502134937
2022-06-17,2022-06-22,1.0,2,0.025913392195938023,2022-08-02,0.27946786787547195,0.5294117647058824,-1,-0.11166780793666496,0.9906098086215794,strong_positive,high,true,0.035930232558139534,1,0.09420262372246405,false,true,direction_right_profit,0.02331493402394136,0.002598458171996665
2022-06-23,2022-06-30,1.0,5,-0.010361845321658403,2022-08-02,0.27946786787547195,0.5294117647058824,-1,-0.11166780793666496,0.9906098086215794,strong_positive,high,true,0.035930232558139534,1,0.09420262372246405,false,false,direction_wrong_loss,-0.0021424785053322237,-0.008219366816326179
2022-07-01,2022-07-13,1.0,7,-0.04502654631632841,2022-08-02,0.27946786787547195,0.5294117647058824,-1,-0.11166780793666496,0.9906098086215794,strong_positive,high,true,0.035930232558139534,1,0.09420262372246405,false,false,direction_wrong_loss,-0.00632165867394352,-0.03870488764238489
2022-07-14,2022-08-01,1.0,12,0.07978350342717389,2022-08-02,0.27946786787547195,0.5294117647058824,-1,-0.11166780793666496,0.9906098086215794,strong_positive,high,true,0.035930232558139534,1,0.09420262372246405,false,true,direction_right_profit,0.0869518868293866,-0.007168383402212708
2022-08-01,2022-08-22,-1.0,15,-0.014577179475110169,2022-08-02,0.27946786787547195,0.5294117647058824,-1,-0.11166780793666496,0.9906098086215794,strong_positive,high,true,0.035930232558139534,1,0.09420262372246405,false,false,direction_wrong_loss,0.006280938876598752,-0.02085811835170892
2022-08-23,2022-09-08,-1.0,11,-0.013631994847478124,2022-11-02,-0.1223795285336163,0.47058823529411764,-1,0.2952607596264851,0.9955155173692947,strong_positive,medium,true,0.024417177914110428,1,0.041583376168659085,false,false,direction_wrong_loss,-0.02902865377734798,0.015396658929869855
2022-09-09,2022-09-12,-1.0,1,-0.041659501148039624,2022-11-02,-0.1223795285336163,0.47058823529411764,-1,0.2952607596264851,0.9955155173692947,strong_positive,medium,true,0.024417177914110428,1,0.041583376168659085,false,false,direction_wrong_loss,0.01074760429686794,-0.052407105444907565
2022-09-13,2022-10-04,-1.0,15,0.03831736959236687,2022-11-02,-0.1223795285336163,0.47058823529411764,-1,0.2952607596264851,0.9955155173692947,strong_positive,medium,true,0.024417177914110428,1,0.041583376168659085,false,true,direction_right_profit,-0.03453902039823442,0.07285638999060129
2022-10-05,2022-10-13,-1.0,6,0.027202245288161953,2022-11-02,-0.1223795285336163,0.47058823529411764,-1,0.2952607596264851,0.9955155173692947,strong_positive,medium,true,0.024417177914110428,1,0.041583376168659085,false,true,direction_right_profit,-0.02948906793617634,0.05669131322433829
2022-10-14,2022-10-18,-1.0,2,-0.019829737884234477,2022-11-02,-0.1223795285336163,0.47058823529411764,-1,0.2952607596264851,0.9955155173692947,strong_positive,medium,true,0.024417177914110428,1,0.041583376168659085,false,false,direction_wrong_loss,0.037748483868056404,-0.05757822175229088
2022-10-19,2022-10-24,-1.0,3,-0.008416600078186232,2022-11-02,-0.1223795285336163,0.47058823529411764,-1,0.2952607596264851,0.9955155173692947,strong_positive,medium,true,0.024417177914110428,1,0.041583376168659085,false,false,direction_wrong_loss,0.028141297874570537,-0.03655789795275677
2022-10-25,2022-11-02,-1.0,6,0.02745413180616385,2022-11-02,-0.1223795285336163,0.47058823529411764,-1,0.2952607596264851,0.9955155173692947,strong_positive,medium,true,0.024417177914110428,1,0.041583376168659085,false,true,direction_right_profit,-0.026109130336687825,0.053563262142851675
2022-11-03,2022-11-10,-1.0,5,-0.07095457633204094,2023-02-03,0.36951895869061946,0.5588235294117647,1,0.5634858068772879,0.611387647250899,strong_positive,high,true,0.03698863636363636,1,0.014176548903805215,true,false,direction_wrong_loss,0.06382562260754598,-0.13478019893958693
2022-11-11,2022-11-23,-1.0,8,-0.021201323697627172,2023-02-03,0.36951895869061946,0.5588235294117647,1,0.5634858068772879,0.611387647250899,strong_positive,high,true,0.03698863636363636,1,0.014176548903805215,true,false,direction_wrong_loss,0.009811618650574783,-0.031012942348201955
2022-11-25,2022-12-01,-1.0,4,-0.034728719498216654,2023-02-03,0.36951895869061946,0.5588235294117647,1,0.5634858068772879,0.611387647250899,strong_positive,high,true,0.03698863636363636,1,0.014176548903805215,true,false,direction_wrong_loss,0.012551841218388038,-0.04728056071660469
2022-12-02,2022-12-08,-1.0,4,-0.023338964836983056,2023-02-03,0.36951895869061946,0.5588235294117647,1,0.5634858068772879,0.611387647250899,strong_positive,high,true,0.03698863636363636,1,0.014176548903805215,true,false,direction_wrong_loss,-0.026221990778587445,0.002883025941604389
2022-12-09,2022-12-13,-1.0,2,-0.03239536087523276,2023-02-03,0.36951895869061946,0.5588235294117647,1,0.5634858068772879,0.611387647250899,strong_positive,high,true,0.03698863636363636,1,0.014176548903805215,true,false,direction_wrong_loss,0.022096063473460603,-0.05449142434869336
2022-12-14,2023-01-05,-1.0,14,0.01497888426285321,2023-02-03,0.36951895869061946,0.5588235294117647,1,0.5634858068772879,0.611387647250899,strong_positive,high,true,0.03698863636363636,1,0.014176548903805215,true,true,direction_right_profit,-0.04576322251431375,0.06074210677716696
2023-01-06,2023-01-23,-1.0,10,-0.0019093672634631353,2023-02-03,0.36951895869061946,0.5588235294117647,1,0.5634858068772879,0.611387647250899,strong_positive,high,true,0.03698863636363636,1,0.014176548903805215,true,false,direction_wrong_loss,0.03233884141818688,-0.034248208681650016
2023-01-24,2023-02-01,-1.0,6,-0.01848905582902738,2023-02-03,0.36951895869061946,0.5588235294117647,1,0.5634858068772879,0.611387647250899,strong_positive,high,true,0.03698863636363636,1,0.014176548903805215,true,false,direction_wrong_loss,0.026486863661763227,-0.044975919490790606
2023-02-02,2023-02-15,1.0,9,-0.0070637068033992945,2023-02-03,0.36951895869061946,0.5588235294117647,1,0.5634858068772879,0.611387647250899,strong_positive,high,true,0.03698863636363636,1,0.014176548903805215,true,false,direction_wrong_loss,-0.006718060457592934,-0.0003456463458063608
2023-02-16,2023-05-03,1.0,52,0.11810756086918173,2023-05-02,0.06020170809490156,0.0,1,0.5233516482117092,0.21171518384863006,weak_positive,medium,true,0.07076023391812865,1,0.06879825955774262,true,true,direction_right_profit,0.0031772183336851167,0.11493034253549661
2023-05-04,2023-05-23,1.0,13,-0.046182875649734445,2023-08-01,0.4757406078755627,0.6176470588235294,-1,-0.23821369394151998,0.6713113917604732,regime_shift,high,true,0.027252747252747254,1,0.026215123514916158,false,false,direction_wrong_loss,0.022116291073669636,-0.06829916672340408
2023-05-24,2023-07-07,1.0,29,0.09698499629688628,2023-08-01,0.4757406078755627,0.6176470588235294,-1,-0.23821369394151998,0.6713113917604732,regime_shift,high,true,0.027252747252747254,1,0.026215123514916158,false,true,direction_right_profit,0.07076082702600361,0.02622416927088267
2023-07-10,2023-07-31,1.0,15,-0.030594319150648808,2023-08-01,0.4757406078755627,0.6176470588235294,-1,-0.23821369394151998,0.6713113917604732,regime_shift,high,true,0.027252747252747254,1,0.026215123514916158,false,false,direction_wrong_loss,0.04123633022604811,-0.07183064937669692
2023-07-31,2023-08-01,-1.0,1,0.042562440676189195,2023-08-01,0.4757406078755627,0.6176470588235294,-1,-0.23821369394151998,0.6713113917604732,regime_shift,high,true,0.027252747252747254,1,0.026215123514916158,false,true,direction_right_profit,-0.0028613886669131006,0.045423829343102295
2023-08-02,2023-08-30,-1.0,20,0.06340557257475943,2023-11-07,-0.04408566260334629,0.0,-1,0.13632537310825663,0.48527230877971694,weak_positive,medium,true,0.007816091954022988,1,0.007177612042279275,false,true,direction_right_profit,0.001955127958329861,0.06145044461642957
2023-08-31,2023-09-06,-1.0,3,-0.02980198783860244,2023-11-07,-0.04408566260334629,0.0,-1,0.13632537310825663,0.48527230877971694,weak_positive,medium,true,0.007816091954022988,1,0.007177612042279275,false,false,direction_wrong_loss,-0.009170688416639372,-0.020631299421963067
2023-09-07,2023-09-28,-1.0,15,0.06477292521279665,2023-11-07,-0.04408566260334629,0.0,-1,0.13632537310825663,0.48527230877971694,weak_positive,medium,true,0.007816091954022988,1,0.007177612042279275,false,true,direction_right_profit,-0.033311226713410025,0.09808415192620668
2023-09-29,2023-10-11,-1.0,8,0.06121886524228237,2023-11-07,-0.04408566260334629,0.0,-1,0.13632537310825663,0.48527230877971694,weak_positive,medium,true,0.007816091954022988,1,0.007177612042279275,false,true,direction_right_profit,0.02067922109133935,0.04053964415094302
2023-10-12,2023-10-17,-1.0,3,-0.037675247614515905,2023-11-07,-0.04408566260334629,0.0,-1,0.13632537310825663,0.48527230877971694,weak_positive,medium,true,0.007816091954022988,1,0.007177612042279275,false,false,direction_wrong_loss,0.005441897499007808,-0.043117145113523714
2023-10-18,2023-11-02,-1.0,11,-0.037762609112721,2023-11-07,-0.04408566260334629,0.0,-1,0.13632537310825663,0.48527230877971694,weak_positive,medium,true,0.007816091954022988,1,0.007177612042279275,false,false,direction_wrong_loss,0.001278474932746354,-0.039041084045467356
2023-11-03,2023-11-13,-1.0,6,0.02694254040897759,2023-11-07,-0.04408566260334629,0.0,-1,0.13632537310825663,0.48527230877971694,weak_positive,medium,true,0.007816091954022988,1,0.007177612042279275,false,true,direction_right_profit,0.012652552559515584,0.014289987849462005
2023-11-14,2023-11-17,-1.0,3,-0.03331184292190437,2024-02-08,0.565668245315651,0.6470588235294118,-1,-0.22863621954597774,0.5138642901414567,strong_positive,high,true,0.0051813471502590676,1,0.005819439484205009,false,false,direction_wrong_loss,0.004590761156148648,-0.037902604078053015
2023-11-20,2023-12-01,-1.0,8,-0.04862227519999851,2024-02-08,0.565668245315651,0.6470588235294118,-1,-0.22863621954597774,0.5138642901414567,strong_positive,high,true,0.0051813471502590676,1,0.005819439484205009,false,false,direction_wrong_loss,0.010654757436598716,-0.05927703263659723
2023-12-04,2023-12-20,-1.0,12,-0.026606101793910986,2024-02-08,0.565668245315651,0.6470588235294118,-1,-0.22863621954597774,0.5138642901414567,strong_positive,high,true,0.0051813471502590676,1,0.005819439484205009,false,false,direction_wrong_loss,0.02949151612459877,-0.05609761791850976
2023-12-21,2024-01-11,-1.0,13,-0.024856702076331283,2024-02-08,0.565668245315651,0.6470588235294118,-1,-0.22863621954597774,0.5138642901414567,strong_positive,high,true,0.0051813471502590676,1,0.005819439484205009,false,false,direction_wrong_loss,0.007721545650776651,-0.032578247727107934
2024-01-12,2024-01-31,-1.0,12,-0.020557386431659053,2024-02-08,0.565668245315651,0.6470588235294118,-1,-0.22863621954597774,0.5138642901414567,strong_positive,high,true,0.0051813471502590676,1,0.005819439484205009,false,false,direction_wrong_loss,0.013006538203110152,-0.033563924634769204
2024-02-01,2024-02-09,-1.0,6,0.03497051795008688,2024-02-08,0.565668245315651,0.6470588235294118,-1,-0.22863621954597774,0.5138642901414567,strong_positive,high,true,0.0051813471502590676,1,0.005819439484205009,false,true,direction_right_profit,0.024529858756903167,0.01044065919318371
2024-02-12,2024-02-21,-1.0,6,-0.019865052330012123,2024-05-02,-0.10091670092439449,0.0,1,-0.22718887489050643,0.21449429594601926,weak_positive,low,true,0.010267379679144385,1,0.006732505072919042,true,false,direction_wrong_loss,-0.00752530574129473,-0.012339746588717393
2024-02-22,2024-03-27,-1.0,24,-0.033603294819053664,2024-05-02,-0.10091670092439449,0.0,1,-0.22718887489050643,0.21449429594601926,weak_positive,low,true,0.010267379679144385,1,0.006732505072919042,true,false,direction_wrong_loss,0.03407977412674068,-0.06768306894579434
2024-03-28,2024-05-01,-1.0,23,0.0941052279206398,2024-05-02,-0.10091670092439449,0.0,1,-0.22718887489050643,0.21449429594601926,weak_positive,low,true,0.010267379679144385,1,0.006732505072919042,true,true,direction_right_profit,-0.0434358280244338,0.1375410559450736
2024-05-01,2024-05-02,1.0,1,-0.00920032505012569,2024-05-02,-0.10091670092439449,0.0,1,-0.22718887489050643,0.21449429594601926,weak_positive,low,true,0.010267379679144385,1,0.006732505072919042,true,false,direction_wrong_loss,0.00935341560514269,-0.01855374065526838
2024-05-03,2024-05-23,1.0,14,-0.04775619428547606,2024-08-07,-1.0695285246626283,0.7058823529411764,-1,0.696683346949959,-0.7046588806846275,regime_shift,high,true,0.0010309278350515464,1,0.01058610428353094,false,false,direction_wrong_loss,0.028692177002650254,-0.07644837128812632
2024-05-24,2024-06-10,1.0,10,-0.030323837211665428,2024-08-07,-1.0695285246626283,0.7058823529411764,-1,0.696683346949959,-0.7046588806846275,regime_shift,high,true,0.0010309278350515464,1,0.01058610428353094,false,false,direction_wrong_loss,0.01174814929964274,-0.04207198651130817
2024-06-11,2024-06-12,1.0,1,-0.016295889485683834,2024-08-07,-1.0695285246626283,0.7058823529411764,-1,0.696683346949959,-0.7046588806846275,regime_shift,high,true,0.0010309278350515464,1,0.01058610428353094,false,false,direction_wrong_loss,0.008213239768982916,-0.02450912925466675
2024-06-13,2024-08-05,1.0,35,0.00287852790612364,2024-08-07,-1.0695285246626283,0.7058823529411764,-1,0.696683346949959,-0.7046588806846275,regime_shift,high,true,0.0010309278350515464,1,0.01058610428353094,false,true,direction_right_profit,-0.04313922198757458,0.04601774989369822
2024-08-06,2024-08-16,-1.0,8,-0.009856842343779926,2024-08-07,-1.0695285246626283,0.7058823529411764,-1,0.696683346949959,-0.7046588806846275,regime_shift,high,true,0.0010309278350515464,1,0.01058610428353094,false,false,direction_wrong_loss,0.061591424746931356,-0.07144826709071128
2024-08-19,2024-08-26,-1.0,5,-0.02558824845024299,2024-10-30,-0.46524473803436045,0.5882352941176471,-1,0.5749528767435338,-0.2158676181666171,weak_negative,high,true,0.002307692307692308,1,0.0037972762534877495,false,false,direction_wrong_loss,0.0021086793361420053,-0.027696927786384995
2024-08-27,2024-09-27,-1.0,22,0.05624838695046974,2024-10-30,-0.46524473803436045,0.5882352941176471,-1,0.5749528767435338,-0.2158676181666171,weak_negative,high,true,0.002307692307692308,1,0.0037972762534877495,false,true,direction_right_profit,0.020768649307903564,0.03547973764256618
2024-09-30,2024-10-18,-1.0,14,0.015192255953938916,2024-10-30,-0.46524473803436045,0.5882352941176471,-1,0.5749528767435338,-0.2158676181666171,weak_negative,high,true,0.002307692307692308,1,0.0037972762534877495,false,true,direction_right_profit,0.018875713995995413,-0.0036834580420564977
2024-10-21,2024-10-30,-1.0,7,-0.043821229858953537,2024-10-30,-0.46524473803436045,0.5882352941176471,-1,0.5749528767435338,-0.2158676181666171,weak_negative,high,true,0.002307692307692308,1,0.0037972762534877495,false,false,direction_wrong_loss,-0.006202555888293104,-0.03761867397066043
2024-10-31,2024-11-06,-1.0,4,-0.03039648706573561,2025-02-06,-0.06697323058597354,0.0,-1,0.629549401870124,-0.12669123718342937,weak_negative,medium,true,0.006567164179104477,1,0.0067934289086590575,false,false,direction_wrong_loss,0.03939233601218284,-0.06978882307791845
2024-11-07,2024-11-18,-1.0,7,-0.03983797587641469,2025-02-06,-0.06697323058597354,0.0,-1,0.629549401870124,-0.12669123718342937,weak_negative,medium,true,0.006567164179104477,1,0.0067934289086590575,false,false,direction_wrong_loss,-0.01252499777381455,-0.02731297810260014
2024-11-19,2025-01-13,-1.0,35,0.047071333483158506,2025-02-06,-0.06697323058597354,0.0,-1,0.629549401870124,-0.12669123718342937,weak_negative,medium,true,0.006567164179104477,1,0.0067934289086590575,false,true,direction_right_profit,-0.011779172271260463,0.05885050575441897
2025-01-14,2025-01-16,-1.0,2,-0.040397180195735016,2025-02-06,-0.06697323058597354,0.0,-1,0.629549401870124,-0.12669123718342937,weak_negative,medium,true,0.006567164179104477,1,0.0067934289086590575,false,false,direction_wrong_loss,0.016231951019353597,-0.05662913121508861
2025-01-17,2025-02-06,-1.0,13,0.06270517630262007,2025-02-06,-0.06697323058597354,0.0,-1,0.629549401870124,-0.12669123718342937,weak_negative,medium,true,0.006567164179104477,1,0.0067934289086590575,false,true,direction_right_profit,0.014625749358460283,0.04807942694415979
2025-02-07,2025-02-19,-1.0,7,-0.02387780237376469,2025-05-05,-0.12740602916024102,0.5,1,-0.5979132429622682,-0.7925860535142449,regime_shift,medium,,,0,,false,false,no_signal,0.020240688185659605,-0.044118490559424295
2025-02-20,2025-03-07,-1.0,11,-0.042072827548878644,2025-05-05,-0.12740602916024102,0.5,1,-0.5979132429622682,-0.7925860535142449,regime_shift,medium,,,0,,false,false,no_signal,-0.05645678560704592,0.014383958058167279
2025-03-10,2025-03-14,-1.0,4,0.006145631959653675,2025-05-05,-0.12740602916024102,0.5,1,-0.5979132429622682,-0.7925860535142449,regime_shift,medium,,,0,,false,true,no_signal,0.003977995007677926,0.002167636951975749
2025-03-17,2025-04-03,-1.0,13,-0.009941681204552966,2025-05-05,-0.12740602916024102,0.5,1,-0.5979132429622682,-0.7925860535142449,regime_shift,medium,,,0,,false,false,no_signal,-0.05084267424130573,0.040900993036752764
2025-04-04,2025-04-07,-1.0,1,0.023290479052428426,2025-05-05,-0.12740602916024102,0.5,1,-0.5979132429622682,-0.7925860535142449,regime_shift,medium,,,0,,false,true,no_signal,-0.0017811549348305533,0.02507163398725898
2025-04-08,2025-04-09,-1.0,1,-0.006323632036344895,2025-05-05,-0.12740602916024102,0.5,1,-0.5979132429622682,-0.7925860535142449,regime_shift,medium,,,0,,false,false,no_signal,0.10501940700140122,-0.11134303903774612
2025-04-10,2025-04-15,-1.0,3,0.04879730511538627,2025-05-05,-0.12740602916024102,0.5,1,-0.5979132429622682,-0.7925860535142449,regime_shift,medium,,,0,,false,true,no_signal,0.0248389915398306,0.023958313575555668
2025-04-16,2025-04-23,-1.0,4,-0.02589216906011549,2025-05-05,-0.12740602916024102,0.5,1,-0.5979132429622682,-0.7925860535142449,regime_shift,medium,,,0,,false,false,no_signal,0.018567104904546827,-0.044459273964662316
2025-04-24,2025-05-02,-1.0,6,-0.008669887111720787,2025-05-05,-0.12740602916024102,0.5,1,-0.5979132429622682,-0.7925860535142449,regime_shift,medium,,,0,,false,false,no_signal,0.03671174019574441,-0.0453816273074652
2025-05-02,2025-05-05,1.0,1,-0.11623355660003509,2025-05-05,-0.12740602916024102,0.5,1,-0.5979132429622682,-0.7925860535142449,regime_shift,medium,,,0,,false,false,no_signal,-0.0057343194259684704,-0.11049923717406662
2025-05-06,2025-05-19,1.0,9,0.03793215676804995,2025-08-07,-0.10371953894687456,0.4411764705882353,1,-0.46244234638888276,-0.5120285848131738,strong_negative,medium,,,0,,false,true,no_signal,0.0645132644398867,-0.026581107671836746
2025-05-20,2025-05-22,1.0,2,-0.038594631310603256,2025-08-07,-0.10371953894687456,0.4411764705882353,1,-0.46244234638888276,-0.5120285848131738,strong_negative,medium,,,0,,false,false,no_signal,-0.016462718214666494,-0.02213191309593676
2025-05-23,2025-06-03,1.0,6,-0.008527574465959087,2025-08-07,-0.10371953894687456,0.4411764705882353,1,-0.46244234638888276,-0.5120285848131738,strong_negative,medium,,,0,,false,false,no_signal,0.02932091431830064,-0.037848488784259726
2025-06-04,2025-06-16,1.0,8,0.007653736935020028,2025-08-07,-0.10371953894687456,0.4411764705882353,1,-0.46244234638888276,-0.5120285848131738,strong_negative,medium,,,0,,false,true,no_signal,0.011326812696047295,-0.003673075761027267
2025-06-17,2025-07-30,1.0,29,0.0371576609918578,2025-08-07,-0.10371953894687456,0.4411764705882353,1,-0.46244234638888276,-0.5120285848131738,strong_negative,medium,,,0,,false,true,no_signal,0.06494336663778233,-0.02778570564592453
2025-07-31,2025-08-07,1.0,5,0.07397700701643939,2025-08-07,-0.10371953894687456,0.4411764705882353,1,-0.46244234638888276,-0.5120285848131738,strong_negative,medium,,,0,,false,true,no_signal,0.00026901195889261764,0.07370799505754677
2025-08-08,2025-09-10,1.0,22,0.03062662864656529,2025-11-05,-0.8573286095252711,0.0,1,-0.08950920762661227,-0.28610393763076103,weak_negative,low,,,0,,false,true,no_signal,0.023588292972789526,0.007038335673775764
2025-09-11,2025-09-16,1.0,3,-0.04929988157595988,2025-11-05,-0.8573286095252711,0.0,1,-0.08950920762661227,-0.28610393763076103,weak_negative,low,,,0,,false,false,no_signal,0.003603790289797626,-0.05290367186575751
2025-09-17,2025-09-25,1.0,6,-0.02952364821228881,2025-11-05,-0.8573286095252711,0.0,1,-0.08950920762661227,-0.28610393763076103,weak_negative,low,,,0,,false,false,no_signal,0.0010534143074187874,-0.0305770625197076
2025-09-26,2025-10-10,1.0,10,-0.03357243484825867,2025-11-05,-0.8573286095252711,0.0,1,-0.08950920762661227,-0.28610393763076103,weak_negative,low,,,0,,false,false,no_signal,-0.01329671983412195,-0.02027571501413672
2025-10-13,2025-10-28,1.0,11,0.06362399093719895,2025-11-05,-0.8573286095252711,0.0,1,-0.08950920762661227,-0.28610393763076103,weak_negative,low,,,0,,false,true,no_signal,0.03622705503210066,0.027396935905098285
2025-10-29,2025-11-05,1.0,5,-0.12195365207308395,2025-11-05,-0.8573286095252711,0.0,1,-0.08950920762661227,-0.28610393763076103,weak_negative,low,,,0,,false,false,no_signal,-0.014271329360352691,-0.10768232271273126
2025-11-06,2025-12-03,1.0,18,0.05185849650505592,2026-02-02,0.0738098400543545,0.3235294117647059,-1,-0.593474785441096,-0.06233321043697944,weak_negative,medium,,,0,,false,true,no_signal,0.02025926385590937,0.03159923264914655
2025-12-04,2025-12-19,1.0,11,-0.04325900411198713,2026-02-02,0.0738098400543545,0.3235294117647059,-1,-0.593474785441096,-0.06233321043697944,weak_negative,medium,,,0,,false,false,no_signal,-0.0026138617049537016,-0.04064514240703343
2025-12-22,2026-01-13,1.0,14,-0.013643593189677894,2026-02-02,0.0738098400543545,0.3235294117647059,-1,-0.593474785441096,-0.06233321043697944,weak_negative,medium,,,0,,false,false,no_signal,0.013054337891607704,-0.026697931081285597
2026-01-14,2026-01-27,1.0,8,-0.03641864721872057,2026-02-02,0.0738098400543545,0.3235294117647059,-1,-0.593474785441096,-0.06233321043697944,weak_negative,medium,,,0,,false,false,no_signal,0.007430912844984983,-0.04384956006370555
2026-01-28,2026-01-30,1.0,2,0.015867467330284324,2026-02-02,0.0738098400543545,0.3235294117647059,-1,-0.593474785441096,-0.06233321043697944,weak_negative,medium,,,0,,false,true,no_signal,-0.00496104841939371,0.020828515749678034
2026-01-30,2026-02-06,-1.0,5,-0.0326174799269463,2026-02-02,0.0738098400543545,0.3235294117647059,-1,-0.593474785441096,-0.06233321043697944,weak_negative,medium,,,0,,false,false,no_signal,-0.0019509164314829297,-0.030666563495463373
